300
9.568646503568567	8.76445531151941	0.15	1.0	0.9619203300532471	-0.2733299812136463
5.213721753728707	2.2400361337907473	0.15	1.0	0.9498867055437504	-0.3125943803577415
1.5953532086315232	4.062474235238672	0.15	1.0	-0.9663574938988074	0.2572026321514157
4.337055453018049	4.070916799796596	0.15	1.0	0.03273507582246134	-0.9994640637916391
2.680968405276931	4.382488574893445	0.15	1.0	-0.33754892472858383	0.9413079854195314
7.854414458126516	6.784339776195509	0.15	1.0	0.5295311373672681	0.8482905012780276
3.662250240797168	5.336173734475273	0.15	1.0	-0.9341444961971429	0.35689502689808666
3.3614206553035837	0.156005193785476	0.15	1.0	0.9926543623794107	-0.12098477941098838
10.665435752680947	2.1001445379071626	0.15	1.0	0.23022576720285348	0.973137244234264
3.4895172537550208	8.135078758095172	0.15	1.0	-0.5059728185738123	0.8625494228532484
10.247043038745064	6.68021350102426	0.15	1.0	0.048611237959116954	-0.9988177749439995
7.327280760772999	7.834063921734312	0.15	1.0	0.18305046855804755	0.9831035174185266
9.175461510960442	4.111072575772702	0.15	1.0	0.2375643227771372	-0.9713718096297834
3.2788762468977186	6.683068562734603	0.15	1.0	0.7694337678286077	-0.6387266057751722
11.400238079882781	1.9376820504137646	0.15	1.0	0.9660061500173615	0.25851908658479156
6.230841298396599	5.553564311617991	0.15	1.0	0.5239805498414023	0.8517302292321799
4.61387634636343	5.13862060079849	0.15	1.0	-0.4951394242393511	-0.8688135303757211
2.8719498820758838	5.658282417710788	0.15	1.0	0.24707230028769434	0.9689970476892834
11.643595939287486	6.646312742116469	0.15	1.0	-0.4817005390566607	-0.8763358891843483
6.948910938936493	8.132897844862084	0.15	1.0	-0.17917359822179607	-0.9838174737725766
10.279667520358716	6.09395719287561	0.15	1.0	-0.8431190098745698	-0.5377270080515996
1.3103604696356943	1.5050459665770557	0.15	1.0	-0.08819845568236857	-0.9961029226014977
8.381657954337104	0.9501870433652266	0.15	1.0	-0.2169366723068367	0.9761856791658214
4.489991199668895	5.424481361364121	0.15	1.0	0.9738162520845536	-0.22733655046206963
7.6253753768891	6.317644036433712	0.15	1.0	-0.38955599475262387	-0.9210027833575172
8.45839158521113	8.371347281977027	0.15	1.0	-0.3117994309010648	-0.9501479436854937
6.399873128278455	0.6249389721272058	0.15	1.0	0.21094498483213228	0.9774979352275746
10.163578992953868	2.798217615837794	0.15	1.0	0.9969323879734502	-0.07826757827832803
10.016120972514967	0.9886638628589441	0.15	1.0	-0.036998052329053704	0.9993153376806826
5.318352621322431	6.205427852420655	0.15	1.0	0.11433465056740823	-0.9934422920731877
10.094649487714213	4.795542535640543	0.15	1.0	0.6003874144556952	0.7997092925327336
9.14417444541879	6.671994037074026	0.15	1.0	0.9420439004475185	0.3354896267094199
6.498527577819363	3.938338991106775	0.15	1.0	-0.057516128666474264	0.9983445772593857
1.1667268734391092	7.378897129300052	0.15	1.0	0.04655645500570222	-0.9989156603524153
11.827619703133465	6.1432417638132515	0.15	1.0	0.9639431818413073	0.26610814001389793
1.6776892486193395	0.294552616558278	0.15	1.0	-0.9993790922431316	-0.03523393232800337
0.8894549535666266	7.263109819950386	0.15	1.0	0.7776799839864782	-0.6286603554438526
4.635412369502418	6.759811298178797	0.15	1.0	-0.9607087042009683	0.27755861664249654
0.9777664728185734	5.56878978308682	0.15	1.0	-0.01879453073310903	0.9998233672076895
4.908508559385736	8.791809835679967	0.15	1.0	-0.02800384898665775	-0.9996078153165533
5.273524291436369	3.1318706094051443	0.15	1.0	-0.9991714945344621	-0.04069796689970486
9.861335649554588	0.5446756599259298	0.15	1.0	0.11994280873677414	-0.9927808029128754
9.105474568510182	2.7863263503655	0.15	1.0	-0.7948267163121926	-0.6068364615251602
8.766950408341962	8.31065503506027	0.15	1.0	-0.5780401708173959	-0.816008309345803
6.755427010578088	0.5031999438003144	0.15	1.0	0.9995809135071637	-0.02894818391858255
3.083897526990409	3.2109601581720093	0.15	1.0	0.8940317471946678	0.4480036104855066
9.152103941975504	8.815257079363644	0.15	1.0	0.9457483032721705	-0.32490021061521424
2.1873752291136164	5.539194177547676	0.15	1.0	0.5785073538087493	0.8156771675051341
6.588768288785027	5.441903747600165	0.15	1.0	0.013163816718109095	-0.9999133532108729
3.0877353162873775	2.440569299196694	0.15	1.0	-0.7371455250787576	0.675734026711962
0.8944502729298031	6.134875454492452	0.15	1.0	0.5409410110367922	0.8410605344316741
3.1886237048014197	1.1772212321674433	0.15	1.0	-0.40186098516232444	0.9157006872359363
9.398038393187448	0.3160372008159721	0.15	1.0	-0.9900027850798492	-0.1410478129364012
8.18622657821812	0.3400627243313308	0.15	1.0	-0.0841118920061092	0.9964563159633003
11.544223778954958	8.052239775486544	0.15	1.0	0.06200273569070372	0.9980759794559073
9.753530901017932	5.882848272015369	0.15	1.0	-0.8372034791062133	-0.5468915199310118
11.230148282224851	2.5481875175713484	0.15	1.0	0.4827030770660554	0.875784071213311
8.224032793327078	7.489928691303326	0.15	1.0	0.9875365910267155	-0.15738958473588285
0.5366094331607496	6.541946590219897	0.15	1.0	0.935909950452667	-0.35223935703394416
7.037433083142054	0.7316731253903133	0.15	1.0	0.3977252468241204	-0.9175045656773009
0.874927107026603	3.2199518095541975	0.15	1.0	0.38972304120830115	-0.9209321099578148
11.788608842191119	4.60565466996023	0.15	1.0	-0.3963321153551282	-0.9181072128777387
2.0073099928981897	8.604209423714044	0.15	1.0	0.9786032270003013	-0.2057564679532495
0.22864631568551996	8.808599674182876	0.15	1.0	-0.3925092529630188	0.9197480559035789
7.7125597424548555	4.724612649949205	0.15	1.0	-0.1905640112954771	-0.9816747718052946
2.0125140965493724	6.5046590792498975	0.15	1.0	0.14075723011944008	-0.9900441415255701
3.3502336649493283	8.57225418466435	0.15	1.0	0.9999772698436138	-0.006742388012593809
2.8513725780817505	1.9060033075557465	0.15	1.0	-0.5977089254713263	-0.8017131908681012
6.118849597332729	4.148339645411066	0.15	1.0	-0.9997689692789169	-0.02149437291413851
9.960776318604491	3.291881972035804	0.15	1.0	0.5290704598086261	-0.8485778977547607
5.8857747991105045	0.346845891676839	0.15	1.0	0.9950956089868432	-0.09891778897197206
3.5928347311987214	1.8609387333023866	0.15	1.0	0.9710600575097267	-0.23883543436685922
3.8797506817989613	6.989084543928671	0.15	1.0	-0.25303886226660444	0.9674561148614558
11.427577338093696	4.31831942834087	0.15	1.0	-0.8200153528426642	-0.5723415248803121
2.4152988304813214	1.3838573897155746	0.15	1.0	0.8087121915425715	-0.5882045488181906
4.486182362809374	5.763329001593397	0.15	1.0	-0.9890632742777282	-0.14749182850252868
5.007820177150679	1.3011588749403988	0.15	1.0	0.9976657218120115	0.0682869498609947
2.6471762146183506	5.178668663912378	0.15	1.0	-0.4213824169180855	-0.90688304577397
4.8666049982716455	0.6303360774911411	0.15	1.0	0.9540078184591464	-0.2997817244576799
0.25336026020783026	8.036916062537866	0.15	1.0	0.5483459271390567	0.8362516034005605
8.321068243926607	8.653895298326217	0.15	1.0	-0.5511610219757168	0.8343989021173766
10.256420364326509	2.318026641852485	0.15	1.0	-0.9338202692368262	0.35774251181885197
4.771391078471332	3.411836390243399	0.15	1.0	-0.2681507477478785	-0.9633769648908228
10.751351064953687	8.799232657754125	0.15	1.0	-0.8750599549416125	-0.484014540336944
3.028189996986577	8.579133097139161	0.15	1.0	0.8755076953173593	0.48320417572707913
10.435914270026405	0.6235763820461736	0.15	1.0	-0.6793297538274133	-0.7338331455888226
11.366633952906426	0.20574927362730225	0.15	1.0	-0.25991420171481283	-0.96563171434401
5.4158287806380825	4.3393090730979855	0.15	1.0	-0.7387674038947923	-0.6739604758014736
10.806437233930103	0.2858787791446131	0.15	1.0	0.9293977261533111	-0.3690797564498153
7.30047466583476	1.8284962457173413	0.15	1.0	-0.8883742691237334	-0.4591199820949558
8.862811119312875	0.36509154908837826	0.15	1.0	-0.7693385430779585	-0.6388412996470128
4.378331347623235	3.4883367329645893	0.15	1.0	0.20738010381088817	0.9782604420824678
11.306412943658033	7.757875610435512	0.15	1.0	0.9408616603001315	-0.3387909918774108
4.302154737315502	7.025744192502363	0.15	1.0	0.9664290257725588	-0.2569337232523259
5.177169970364517	8.150103841718868	0.15	1.0	-0.8781384816933084	-0.4784065289786198
7.5262383518916804	3.4919624942999623	0.15	1.0	0.7014132799815349	-0.7127548040283873
7.297400393659854	0.5614339240114616	0.15	1.0	-0.2765664525764668	-0.9609947956723122
2.871909444019382	0.1800533833776723	0.15	1.0	0.9078090777396451	-0.4193836887308504
9.615261125536344	2.622109916233807	0.15	1.0	0.7144414385099476	-0.6996952414729122
11.317731675880692	5.134800493783159	0.15	1.0	0.5847805706151243	0.8111915213012582
2.0601374915753943	2.6251688735354572	0.15	1.0	0.6117863442563086	-0.7910230521176367
3.8187281972886646	7.342956360124256	0.15	1.0	0.5531694852054388	-0.8330687370424783
10.974041372672207	5.937824912968451	0.15	1.0	-0.9267751369484427	-0.37561662041794064
7.654377984184376	4.0470281953923	0.15	1.0	0.9892319289508678	-0.1463563826559859
9.25071073411791	1.8843918413228071	0.15	1.0	-0.6147003045797139	-0.7887607593875389
1.8048369720511117	3.5478313274526814	0.15	1.0	-0.8934055043150402	-0.44925116010934096
10.930925717332613	8.489603499494635	0.15	1.0	0.4155686869879781	0.9095617991071788
2.8653290779499034	0.920290787359354	0.15	1.0	0.9678614127518692	-0.2514841659149852
10.351989022418483	4.455849126242589	0.15	1.0	-0.9842067110179091	0.1770230210659332
2.4414174532237953	6.538736037393337	0.15	1.0	-0.9054301102079706	-0.42449536573298685
10.031390193633305	4.254474260573066	0.15	1.0	0.7097604822391651	0.704443083472063
1.8181228932805953	5.268819464095614	0.15	1.0	0.5066275142541059	0.8621650432490903
10.887982426962992	1.6933473264400214	0.15	1.0	-0.723648514141114	0.690168695306704
6.259197767817734	1.6419468262651205	0.15	1.0	-0.02353887969811013	-0.9997229221852212
4.634651800920593	7.195892081028537	0.15	1.0	0.22164225723476477	-0.9751280479033911
0.309219955092105	2.127618915430973	0.15	1.0	0.6714015815808618	0.7410937297337747
4.999825965113544	7.057935313139329	0.15	1.0	0.19363481342792527	0.9810736766567191
10.618557176527334	4.676707031121611	0.15	1.0	0.9914508430069542	-0.13048074915787305
4.298412626353457	4.659945846038002	0.15	1.0	0.8867251605657246	0.4622969712421768
6.920175701873575	2.262573484252744	0.15	1.0	0.04287963019983759	0.9990802456829607
1.8829317494327196	0.6765697167391738	0.15	1.0	0.11002693290944271	-0.9939286061053586
9.379737194713423	3.299989254184713	0.15	1.0	0.10288159129550102	-0.9946936101998974
4.114557879400231	5.230503088626103	0.15	1.0	-0.5091112092592197	-0.8607007474184132
7.211678243610615	7.3416934653044015	0.15	1.0	-0.924678286393818	-0.38074934887901285
5.648367800421911	1.482848895794852	0.15	1.0	0.420298555003732	0.907385874180205
8.751208892612736	5.307744896917984	0.15	1.0	-0.5759318000688611	0.8174977441372187
10.34844473913989	1.0129764621247697	0.15	1.0	-0.3223627439508258	-0.9466162164850623
11.155408972315769	3.054066226588155	0.15	1.0	0.7530199926583331	0.6579976372729951
8.335324916633656	3.668395305264729	0.15	1.0	-0.9440592267312096	0.32977594882536626
11.295595388918132	3.994323671399232	0.15	1.0	-0.060210067722715456	-0.9981857280811152
3.8771843787002744	4.393040413347906	0.15	1.0	-0.004894033322965095	-0.9999880241472063
10.693966934071856	4.2768300582645695	0.15	1.0	0.6412444594036899	0.7673366557672516
6.951887789462033	7.711708417509108	0.15	1.0	-0.5930780534014488	0.8051449699113497
0.5858705784141441	7.246620149377525	0.15	1.0	0.26691275286121047	-0.9637206972769914
7.972036525911754	7.999280147865106	0.15	1.0	-0.9855201868260371	-0.16955813563015168
6.6407415739952755	8.757469066966454	0.15	1.0	-0.8535251987053448	0.5210515667138921
1.79979476251495	8.847083445969789	0.15	1.0	0.42916897439903756	0.9032242198996207
7.828496931180039	0.7229481216883274	0.15	1.0	0.7188217697990915	0.6951944068121535
0.9281878393702311	8.021735028180055	0.15	1.0	-0.9422156283130665	-0.33500702942268723
3.994534333259263	1.371474144535094	0.15	1.0	0.0017091756005136272	0.9999985393583166
5.2829817046499645	3.988030942646545	0.15	1.0	-0.9974688402799248	-0.07110494125320624
1.1495499305936114	1.2147180053273048	0.15	1.0	0.39480601779398145	-0.9187645010086417
5.67755269523896	5.084972334612247	0.15	1.0	-0.9381714342624784	-0.3461709981120373
6.118249649352982	3.691220299737388	0.15	1.0	-0.9598153949415257	-0.28063215716172507
8.521745862086659	1.60504188612996	0.15	1.0	0.9947886051919957	0.1019589671395491
5.279284329233519	5.699024556632834	0.15	1.0	-0.6664750700765756	-0.7455273173844295
1.7928197163917956	3.1795914541785852	0.15	1.0	-0.36142340702112136	-0.932401802259758
5.688729002094199	2.1657176122472395	0.15	1.0	0.27440227249253574	0.961614992006121
1.2297389019289724	8.021584965919978	0.15	1.0	-0.7202784342725753	-0.6936850705628941
1.2962686837326431	0.8399113894579886	0.15	1.0	-0.9517066058493975	-0.30700901677738984
5.5167651225666114	0.4791988500443164	0.15	1.0	0.7576915636062899	0.6526128212346549
0.6035185730059422	8.122255338716258	0.15	1.0	0.7203545286197761	-0.6936060503607073
7.471304619489702	5.972817349857057	0.15	1.0	-0.6919508508197976	-0.721944610098142
8.791140336145226	4.122171447611546	0.15	1.0	-0.5562601208255387	-0.8310082297902693
2.9810047720479043	5.282123500107904	0.15	1.0	-0.6644645893431094	0.7473197505145257
2.475812809181133	7.0187821690415015	0.15	1.0	0.08859560383091059	0.9960676779124179
0.6679195723514256	1.6925045687592117	0.15	1.0	0.8602468677976155	-0.5098777563734191
0.9068778346870782	0.7296833675301659	0.15	1.0	0.42640332251103724	0.9045331428707012
1.3950515045401215	2.6598463167132884	0.15	1.0	-0.7546276633539969	0.656153251688115
7.680534820098421	7.481530794802209	0.15	1.0	-0.9327892868652723	-0.3604221778822397
2.442211168865051	0.8972312453519251	0.15	1.0	0.22628231986355943	-0.9740617597037499
0.7821224057799339	7.65297712540526	0.15	1.0	0.8293372425037456	-0.5587483675110679
7.083778318109543	3.4061144018233933	0.15	1.0	0.6642551248821305	0.7475059391522085
6.751289786776901	3.050175753130602	0.15	1.0	-0.8654123131733056	-0.5010604037519113
7.155773598442607	4.890807474109921	0.15	1.0	0.7414208528470922	0.6710403258847343
5.099278849107671	6.76786590520086	0.15	1.0	-0.21829331146205455	0.9758832051894993
5.781014598294483	3.447249706482214	0.15	1.0	0.6819788117877214	-0.7313719301918878
5.194904577435572	3.5116522793154634	0.15	1.0	0.8968591718336687	0.44231620578249886
3.6503222192213243	7.772398902196745	0.15	1.0	-0.4015018888284926	-0.9158581949555034
0.6845036306403951	2.591128823095112	0.15	1.0	0.6602634321036579	-0.7510340872601577
3.3119065929023885	5.444744067158173	0.15	1.0	0.1275094448708713	0.9918373563587541
2.9594770098091905	5.945413847064593	0.15	1.0	0.6502849765183638	0.7596903641053446
3.266083622558896	4.367333175526225	0.15	1.0	-0.9154537817757419	-0.40242312735787483
2.8202659220558126	0.4994121853948599	0.15	1.0	0.7851085549563056	-0.6193581814543356
9.644110859673491	5.415908910195927	0.15	1.0	-0.6063343172664457	0.7952098438179908
7.190868628171192	6.473840932448862	0.15	1.0	0.09758371248653624	0.9952273202928791
9.814784556864943	2.2710147473131292	0.15	1.0	0.44973212857762	0.8931634858888058
11.599958781416955	7.329662710895798	0.15	1.0	0.6411896775078427	0.7673824323356566
4.592411018355138	2.702055442066414	0.15	1.0	0.08960971451438672	-0.9959769570952182
11.751062049049812	1.2823921462765562	0.15	1.0	0.8594619239780905	-0.511199766463052
6.234368275136671	5.232655163370797	0.15	1.0	-0.999642455819893	0.02673874571428692
7.297980701916931	8.23187315308461	0.15	1.0	-0.9463087700902968	-0.323264151508004
7.765228903483047	1.502169174408611	0.15	1.0	-0.9892326225833526	0.14635169427397188
11.606191859297462	0.845838443874918	0.15	1.0	0.8964257226458249	0.4431940024175762
6.826422299868831	1.3230312931134396	0.15	1.0	0.8024085016303097	-0.5967751641207945
6.89660063086287	4.172207367682113	0.15	1.0	0.18456915986736497	0.9828195283091677
9.940865732982669	0.19850413751240747	0.15	1.0	0.9449960884300869	-0.3270816302573953
0.19179136312346967	1.8175753323784296	0.15	1.0	0.5055932775956716	-0.8627719499671197
6.024571604314506	4.91638399162479	0.15	1.0	0.3490464309924402	-0.9371054311076421
4.511211240954284	8.613137399318148	0.15	1.0	-0.9980579978828538	-0.062291515169157596
11.13921220913393	2.198105528523637	0.15	1.0	-0.947843483468819	0.3187361461235527
8.878241344979601	6.353705510298293	0.15	1.0	-0.8635739166759128	0.5042222629327504
4.46673606845813	3.093982130930681	0.15	1.0	-0.4753106897213597	-0.8798180199544706
6.09025642557718	8.301414197927322	0.15	1.0	0.8318803536408755	-0.554955022705743
1.3497495878961272	5.235715261344348	0.15	1.0	-0.6504651443026712	-0.7595361058220373
3.8809284502613743	2.67835468354631	0.15	1.0	-0.4288763171992468	-0.9033632185038369
3.835371655152432	8.36597344458548	0.15	1.0	-0.7342103002679923	0.6789221126023106
10.99634361643442	7.642496579290295	0.15	1.0	-0.15004154936261244	-0.9886796920463506
4.947600299796673	5.182277582156901	0.15	1.0	-0.9482656773466098	0.31747788138132593
11.832361733457748	8.515520353461666	0.15	1.0	0.49160101978849224	0.8708205540425159
2.4857967338419877	8.142597128656535	0.15	1.0	-0.7743505363978281	-0.6327568622941958
0.27901567358762336	5.798995361882585	0.15	1.0	0.3838846292198687	-0.9233810651343918
3.67790603212338	3.3125716472220565	0.15	1.0	-0.9969693015901272	-0.0777959618932373
11.153162281029962	0.8504661015248733	0.15	1.0	-0.9999108211881432	0.013354762103949406
4.534803690757748	1.8070700742055605	0.15	1.0	-0.4306617691776006	-0.902513401877678
1.4519685730358303	6.324718473413469	0.15	1.0	-0.5096239959558452	0.8603972238135109
1.639635514287578	8.425383557612896	0.15	1.0	0.9559899048512732	-0.2933995600243014
6.566601438652373	1.90888131969811	0.15	1.0	0.15605506994265617	-0.9877483561845055
0.7266188516215099	8.449492598390519	0.15	1.0	-0.3004726370406169	-0.9537904352581115
4.491328916859271	0.4971962826844174	0.15	1.0	-0.7434341772008148	-0.6688091089165484
8.707091627517274	5.673564690136294	0.15	1.0	-0.7340408232355313	0.6791053451591318
4.934137022385299	6.060300725362632	0.15	1.0	-0.9383297322156694	0.3457416862920499
9.598557391686683	0.9584354230043206	0.15	1.0	0.15500624196445364	-0.987913490621551
5.605626132897926	7.627503536768641	0.15	1.0	-0.9396138461583554	-0.3422364973340838
5.7499810082644425	8.711111125025415	0.15	1.0	0.292173026855698	-0.9563654753168266
1.3553085459945684	4.761616991434492	0.15	1.0	0.3559197754193026	-0.9345165132117641
6.409435669742675	2.6788406528063917	0.15	1.0	0.6662253199860498	0.7457505098955586
10.76525763874435	6.2337115072517175	0.15	1.0	-0.4231252903213806	-0.9060711830151357
9.44613956109581	8.32540129495565	0.15	1.0	0.9897644584691562	0.1427106049011708
2.601209890025562	2.1954747718746987	0.15	1.0	-0.23777235065781221	-0.9713209095158296
5.082683996417713	6.395862097864447	0.15	1.0	0.8387750224264237	-0.5444781554420274
7.515637456447179	1.3027556857850786	0.15	1.0	0.5034946897623509	0.8639983202420674
1.6638334751200832	5.580560901564423	0.15	1.0	-0.9664927588525155	0.2566938781616212
7.692457112941624	2.1582193633119413	0.15	1.0	0.9630432451623818	0.2693468172210477
9.698031474059704	4.631110132711313	0.15	1.0	-0.962633247077643	0.27080847774904243
1.2293438883784154	3.6030096372229816	0.15	1.0	0.8337321326226496	-0.5521691145224339
1.3913852401199887	2.3393450813875636	0.15	1.0	0.02621924393089877	-0.999656216530309
7.838653182867512	4.403727238467897	0.15	1.0	0.6067540100327022	0.7948896598328824
0.2632240519136831	1.3926242703702334	0.15	1.0	0.6953623339994414	-0.7186593243358423
3.1696002861958172	8.02986677775377	0.15	1.0	0.4013523364343505	0.9159237424800647
6.089258015791068	6.0980821547091475	0.15	1.0	-0.3100931781821109	-0.9507061695628769
1.6498016144805066	1.153146137169583	0.15	1.0	-0.8201666815527925	0.5721246494171356
6.320025160247809	8.680063524327833	0.15	1.0	0.6758737110452787	0.7370174534689685
3.240313351383963	7.255290338668445	0.15	1.0	0.5348745293096396	0.8449314989369205
2.940644714800426	7.53684823975145	0.15	1.0	0.18635723852794234	-0.9824820505476116
8.063107318064354	5.639130831247271	0.15	1.0	0.7141124070286973	0.700031049402582
3.5966590743985263	2.292843837952809	0.15	1.0	0.16965497024349396	0.9855035215927335
8.709388867767654	4.996404023755995	0.15	1.0	-0.3291295741618951	0.9442847681774866
6.115000054303884	7.488465294253661	0.15	1.0	-0.9963400240458798	0.08547839776373674
4.395368250380841	0.20335347856799707	0.15	1.0	-0.8135351603496008	0.5815157288285066
8.58512439279135	4.411905306864379	0.15	1.0	-0.5825554842779925	0.8127909372880787
9.369922203299216	6.4358574587968995	0.15	1.0	0.9761670507054916	-0.217020480869761
3.992166471037664	5.62204880778665	0.15	1.0	0.929907867356146	0.3677925478162172
5.9063498742461995	0.758679201171384	0.15	1.0	0.3326310122449192	0.943057055375188
2.6065706916686597	3.230501946210767	0.15	1.0	-0.9900640170606387	-0.14061736066983782
10.522198804714565	7.937676606869349	0.15	1.0	-0.23559679906868794	0.971850887877656
10.756752460777722	1.074036975203337	0.15	1.0	-0.9045866248603608	0.42628985224110233
5.1854667805845125	0.225784147735387	0.15	1.0	-0.7888594870531218	0.6145735998936869
10.516696979430522	7.1373242709593185	0.15	1.0	-0.9999504690635191	-0.009952859872822361
11.753348350447133	0.30499560677869597	0.15	1.0	-0.4469492642077026	-0.8945593078293878
2.202380860088742	5.95895411567091	0.15	1.0	-0.9869231608949673	0.16119142188431243
8.62596720985242	7.664773117603092	0.15	1.0	-0.9774920194231963	0.21097239621325278
10.18055697990447	7.556907578594554	0.15	1.0	-0.996004800466592	0.08929970575261795
6.621051832817641	4.322262322741035	0.15	1.0	0.36754400960501793	-0.9300061295515565
10.580798505311376	1.7586608207115422	0.15	1.0	-0.8134564125395103	0.5816258805266062
10.687485954893278	3.971748952812811	0.15	1.0	-0.2652202339142429	-0.9641878590412111
11.094906336326138	6.524034804720341	0.15	1.0	-0.6526478293687666	0.7576614090873557
9.730644271928139	7.577942403368602	0.15	1.0	0.9632926600035401	-0.26845344323234915
9.862879685915031	6.580492026656748	0.15	1.0	0.22560816296496694	0.9742181258853547
5.739576096601969	7.944345339215247	0.15	1.0	0.5028955854161803	0.8643471699316874
2.8554191254702146	4.0831329265539935	0.15	1.0	-0.5465901941149345	0.8374002386537743
6.633481949576367	7.5714688363188065	0.15	1.0	-0.5612934760709678	-0.827616839920606
4.712597438295044	3.7484533677362966	0.15	1.0	-0.905181077747644	-0.4250261362406007
0.20656332125659846	0.3234402899695895	0.15	1.0	0.7178988620942451	0.6961474152819846
9.84988284823312	1.6223207089979512	0.15	1.0	-0.9371472657250312	0.34893409455669105
11.463175260212534	1.5908377053299527	0.15	1.0	-0.10601150391203049	-0.9943649033620955
3.6763192117901826	0.7387823846201839	0.15	1.0	-0.3785087445542888	0.9255977151527202
2.6856478416107996	8.63368690012193	0.15	1.0	-0.7198790387046899	0.6940995387072458
7.550233308942099	0.2735408789067855	0.15	1.0	-0.9764550208148219	-0.21572109847097848
0.667462195106578	4.448937914653034	0.15	1.0	-0.6282682541535767	0.7779967871545594
8.066831101220917	4.637002616032638	0.15	1.0	0.4886168057313439	0.8724984912060869
6.849965330655243	6.562031829173853	0.15	1.0	0.6600390694819165	-0.7512312738148258
6.696456537545281	6.927599445786894	0.15	1.0	0.7796970264879951	-0.6261569666511574
8.931417194739367	3.534986282898415	0.15	1.0	-0.993303995456662	-0.11552996412113793
10.197226594223446	3.5278539410361685	0.15	1.0	-0.20915708175859574	-0.9778820558483666
9.072355923389196	4.664463107590493	0.15	1.0	0.9970967425894312	-0.07614516345471761
1.1262071130536582	1.8779809886388599	0.15	1.0	-0.2114525499351998	0.9773882642665104
1.0211663948639773	4.463550445412312	0.15	1.0	0.8083214110690825	0.5887414512392407
5.60646316936597	6.914358439992067	0.15	1.0	-0.7375809019804892	-0.6752587748660863
2.8386455196187437	6.939544396521624	0.15	1.0	0.996176650650274	0.08736178054047307
10.4882361330459	2.781810726299613	0.15	1.0	0.9259737169901783	-0.37758797046965525
6.424935640015344	3.3703503555623167	0.15	1.0	-0.8572537239846214	-0.5148942150718909
7.35894625330634	4.1873168185796	0.15	1.0	0.6756708340124982	-0.7372034482182345
0.47048792862441957	3.3292404191902345	0.15	1.0	-0.9407266852965086	-0.3391655990383514
8.384180861333597	8.019968375546071	0.15	1.0	0.031660390838409755	0.9994986841671974
7.536225692403619	0.8336784062904659	0.15	1.0	-0.9153238878805136	-0.4027184876254144
8.39500291442192	1.3073903045020119	0.15	1.0	-0.8785313136544093	0.47768476103876073
7.089860215187096	5.485966184186503	0.15	1.0	0.9951708215227766	0.0981582191651921
8.78238857198531	8.641301528392228	0.15	1.0	0.6604390863318095	-0.7508796263351435
11.829884984040284	2.696824404463439	0.15	1.0	0.31792145235729247	-0.9481170550786595
8.403039116412902	6.0185063012553845	0.15	1.0	-0.7313556511520244	-0.681996269438476
1.2724407817967363	3.2604624523025585	0.15	1.0	-0.7543939941586376	-0.6564218929753771
9.508771823488397	7.157375059064522	0.15	1.0	0.9997432765648397	0.022657911717507258
7.741804353015303	2.5830468245726674	0.15	1.0	-0.8328018883204108	0.5535711470172178
4.358754501952394	8.260786862106093	0.15	1.0	0.8957202540024709	0.4446180681998303
3.7812018606525495	3.765161324717399	0.15	1.0	-0.9923374784809053	-0.12355698605161437
1.0133395659943543	3.957474524292667	0.15	1.0	0.9214056314768283	0.3886021902701879
6.073995857726939	7.890446116224414	0.15	1.0	-0.8225806679667654	0.5686484368107856
2.071935880180943	3.94185063373184	0.15	1.0	-0.9153860234498509	0.40257723243207505
1.7014793956671825	7.201157615365835	0.15	1.0	0.45680693744698375	-0.8895658614741843
